6
10
-14.3044    9.0072
-12.5746    4.7921
-11.1996    7.0000
-9.4698    4.7419
-7.0302    9.6595
-8.1391   10.2115
-9.4698    7.0000
-10.8004    8.1541
-12.1754    7.2007
-13.4617   10.7133
0 1 9
1 9 8
1 8 2
8 2 7
2 7 6
2 6 3
6 3 5
3 5 4
13
-2.8165    0.7276
-3.8810   -0.4265
-6.2319   -4.4409
-2.9052   -8.1541
-2.1956   -7.2509
-4.3690   -4.9928
-3.6593   -3.3871
-2.6391   -4.4910
-2.0625   -3.6380
-2.9940   -2.8853
-2.3730   -1.3297
0.3770   -3.8889
1.0867   -2.9355
10 12 11
0 10 12
0 1 10
1 10 9
9 1 6
9 6 7
7 8 9
1 6 5
5 1 2
2 5 3
5 3 4
9
4.8125   11.0645
5.1673    5.3441
6.1431    5.4444
6.0988    9.2079
9.4698    5.6452
9.3367   11.8172
8.3165   11.4158
8.8488    7.8029
5.5222   11.4158
1 2 3
1 3 0
0 3 8
3 8 4
8 4 7
4 7 6
4 5 6
6
-11.5988   -1.1290
-15.7681   -3.8889
-13.6835   -7.6523
-12.9294   -6.8996
-13.7722   -3.7885
-10.9778   -1.7814
5 0 4
0 4 1
4 1 2
2 4 3
12
5.6552   -0.4265
5.4335   -1.6308
7.0746   -0.8280
7.6069   -4.8925
6.6754   -5.3943
6.5867   -6.7993
10.4012   -4.9928
10.1794   -3.6380
8.3609   -4.3907
7.8286   -0.3763
9.4698    0.2760
9.2480    1.8315
0 1 2
0 11 2
11 10 9
11 9 2
2 3 9
3 9 8
3 4 5
5 3 8
8 5 6
6 8 7
8
13.6835    1.6810
16.6552   -1.2294
19.3165    0.9283
17.1875    6.0968
16.5665    5.6452
18.3407    1.2796
17.0101   -0.0251
14.0383    2.4337
0 1 7
1 7 6
6 1 5
1 5 2
5 2 4
2 4 3
