3
10
-14.3044    4.0072
-12.5746   -0.2079
-11.1996    2.0000
-9.4698   -0.2581
-7.0302    4.6595
-8.1391    5.2115
-9.4698    2.0000
-10.8004    3.1541
-12.1754    2.2007
-13.4617    5.7133
0 1 9
1 9 8
1 8 2
8 2 7
2 7 6
2 6 3
6 3 5
3 5 4
13
-2.8165    0.7276
-3.8810   -0.4265
-6.2319   -4.4409
-2.9052   -8.1541
-2.1956   -7.2509
-4.3690   -4.9928
-3.6593   -3.3871
-2.6391   -4.4910
-2.0625   -3.6380
-2.9940   -2.8853
-2.3730   -1.3297
0.3770   -3.8889
1.0867   -2.9355
10 12 11
0 10 12
0 1 10
1 10 9
9 1 6
9 6 7
7 8 9
1 6 5
5 1 2
2 5 3
5 3 4
9
4.8125    8.0645
5.1673    2.3441
6.1431    2.4444
6.0988    6.2079
9.4698    2.6452
9.3367    8.8172
8.3165    8.4158
8.8488    4.8029
5.5222    8.4158
1 2 3
1 3 0
0 3 8
3 8 4
8 4 7
4 7 6
4 5 6
